0,
128,
261,
416,
540,
666,
793,
896,
1023,
0,
128,
259,
405,
539,
667,
794,
896,
1023,
0,
45,
225,
385,
523,
666,
796,
896,
1023,
0,
0,
182,
351,
505,
642,
774,
924,
1023,
0,
0,
127,
308,
476,
615,
766,
898,
1023,
0,
0,
38,
284,
468,
605,
740,
891,
1023,
0,
0,
0,
254,
421,
599,
734,
867,
1023,
0,
128,
256,
384,
512,
640,
768,
896,
1023,
0,
128,
256,
384,
512,
640,
768,
896,
1023,
0,
128,
248,
398,
547,
668,
795,
923,
1023,
0,
128,
256,
386,
549,
670,
796,
923,
1023,
0,
85,
256,
374,
519,
671,
798,
925,
1023,
0,
0,
183,
348,
512,
650,
798,
927,
1023,
0,
0,
144,
317,
479,
630,
770,
902,
1023,
0,
0,
59,
288,
441,
606,
741,
894,
1023,
0,
0,
0,
259,
424,
600,
735,
868,
1023,
0,
128,
0,
222,
405,
555,
730,
863,
1023,
0,
128,
256,
384,
512,
640,
768,
896,
1023,
0,
23,
231,
381,
529,
655,
791,
924,
1023,
0,
51,
226,
373,
535,
648,
796,
925,
1023,
0,
79,
256,
384,
509,
672,
805,
928,
1023,
0,
25,
224,
384,
504,
647,
800,
931,
1023,
0,
0,
120,
323,
480,
644,
780,
931,
1023,
0,
0,
99,
300,
453,
610,
748,
901,
1023,
0,
0,
0,
268,
430,
574,
736,
870,
1023,
0,
128,
0,
234,
410,
560,
732,
865,
997,
0,
128,
256,
384,
389,
545,
688,
860,
992,
0,
0,
201,
366,
508,
656,
788,
919,
1023,
0,
0,
204,
365,
508,
655,
788,
919,
1023,
0,
0,
203,
384,
499,
664,
782,
920,
1023,
0,
66,
218,
384,
512,
630,
798,
942,
1023,
0,
0,
203,
356,
512,
633,
775,
932,
1023,
0,
0,
87,
276,
456,
611,
759,
911,
1023,
0,
0,
33,
282,
440,
587,
741,
877,
1023,
0,
128,
0,
255,
422,
566,
706,
867,
999,
0,
128,
256,
384,
398,
551,
693,
863,
995,
0,
0,
176,
350,
495,
634,
788,
918,
1023,
0,
0,
162,
341,
495,
635,
787,
918,
1023,
0,
0,
178,
344,
493,
635,
782,
918,
1023,
0,
0,
168,
338,
512,
625,
764,
916,
1023,
0,
75,
219,
349,
512,
640,
752,
923,
1023,
0,
0,
189,
341,
485,
640,
762,
904,
1023,
0,
0,
60,
273,
411,
588,
725,
889,
1023,
0,
128,
0,
266,
427,
573,
717,
871,
1007,
0,
128,
256,
235,
412,
560,
699,
837,
997,
0,
0,
126,
328,
482,
623,
761,
893,
1023,
0,
0,
95,
329,
483,
623,
762,
893,
1023,
0,
0,
120,
320,
475,
624,
762,
894,
1023,
0,
0,
130,
329,
478,
615,
762,
895,
1023,
0,
0,
89,
314,
468,
640,
751,
891,
1023,
0,
0,
224,
353,
478,
640,
768,
880,
1023,
0,
0,
175,
333,
474,
614,
768,
891,
1023,
0,
128,
43,
277,
417,
542,
719,
854,
1019,
0,
128,
256,
251,
418,
563,
705,
847,
1001,
0,
0,
27,
303,
466,
613,
750,
889,
1023,
0,
0,
31,
304,
467,
613,
751,
889,
1023,
0,
0,
0,
290,
468,
614,
751,
889,
1020,
0,
0,
25,
301,
461,
607,
752,
889,
1021,
0,
0,
24,
306,
467,
607,
742,
889,
1022,
0,
0,
76,
287,
450,
594,
768,
872,
1019,
0,
0,
185,
357,
483,
607,
768,
896,
1012,
0,
0,
157,
326,
469,
605,
742,
896,
1019,
0,
128,
256,
273,
424,
552,
674,
850,
1023,
0,
128,
256,
384,
512,
640,
768,
878,
1023,
0,
128,
256,
274,
449,
601,
743,
879,
1023,
0,
127,
0,
254,
450,
601,
744,
879,
1016,
0,
0,
0,
260,
440,
603,
745,
880,
1016,
0,
0,
0,
274,
448,
596,
738,
880,
1017,
0,
0,
0,
257,
450,
600,
736,
869,
1010,
0,
0,
26,
280,
432,
581,
722,
896,
1023,
0,
0,
132,
328,
487,
611,
735,
896,
1023,
0,
128,
256,
317,
463,
600,
735,
870,
1023,
0,
128,
256,
384,
512,
640,
768,
896,
1023,
0,
128,
256,
384,
512,
640,
768,
896,
1023,
0,
128,
256,
384,
431,
588,
733,
872,
1023,
0,
128,
256,
384,
417,
589,
734,
873,
1007,
0,
128,
256,
236,
427,
580,
726,
875,
1008,
0,
128,
256,
244,
431,
587,
730,
867,
1009,
0,
128,
256,
214,
412,
587,
731,
865,
996,
0,
128,
256,
271,
429,
568,
711,
850,
1023,
0,
128,
256,
299,
462,
617,
740,
863,
1023
