0,
128,
261,
405,
532,
659,
787,
896,
1023,
0,
128,
251,
397,
532,
660,
788,
896,
1023,
0,
0,
179,
381,
526,
654,
781,
896,
1023,
0,
0,
135,
335,
500,
639,
768,
909,
1023,
0,
0,
33,
281,
466,
620,
759,
892,
1023,
0,
0,
0,
246,
452,
595,
731,
885,
1023,
0,
0,
0,
199,
392,
584,
722,
856,
1023,
0,
128,
256,
384,
512,
640,
768,
896,
1023,
0,
128,
256,
384,
512,
640,
768,
896,
1023,
0,
128,
258,
397,
535,
661,
789,
917,
1023,
0,
128,
256,
387,
534,
662,
789,
917,
1023,
0,
0,
256,
376,
523,
663,
790,
918,
1023,
0,
0,
117,
300,
507,
650,
785,
911,
1023,
0,
0,
0,
280,
463,
627,
764,
896,
1023,
0,
0,
0,
246,
417,
595,
734,
886,
1023,
0,
0,
0,
201,
393,
584,
723,
857,
1023,
0,
128,
0,
130,
365,
528,
714,
849,
1023,
0,
128,
256,
384,
512,
640,
768,
896,
1023,
0,
10,
239,
386,
530,
662,
790,
920,
1023,
0,
56,
233,
381,
532,
664,
791,
920,
1023,
0,
36,
256,
384,
516,
659,
795,
921,
1023,
0,
0,
162,
384,
505,
653,
795,
922,
1023,
0,
0,
0,
268,
429,
638,
778,
918,
1023,
0,
0,
0,
230,
415,
591,
741,
892,
1023,
0,
0,
0,
202,
393,
549,
724,
862,
1014,
0,
128,
0,
136,
367,
530,
715,
851,
985,
0,
128,
256,
384,
334,
509,
661,
844,
978,
0,
0,
215,
373,
515,
658,
789,
918,
1023,
0,
0,
208,
373,
512,
658,
790,
919,
1023,
0,
0,
205,
384,
507,
661,
793,
922,
1023,
0,
0,
191,
384,
512,
644,
788,
929,
1023,
0,
0,
82,
302,
512,
635,
782,
928,
1023,
0,
0,
0,
196,
403,
557,
769,
906,
1023,
0,
0,
0,
177,
379,
547,
719,
869,
1020,
0,
128,
0,
140,
367,
529,
679,
853,
990,
0,
128,
256,
384,
338,
511,
663,
844,
980,
0,
0,
175,
354,
502,
644,
788,
918,
1023,
0,
0,
160,
356,
502,
643,
788,
918,
1023,
0,
0,
179,
353,
503,
640,
786,
919,
1023,
0,
0,
132,
339,
512,
634,
791,
922,
1023,
0,
0,
140,
324,
512,
640,
771,
917,
1023,
0,
0,
0,
261,
434,
640,
764,
912,
1023,
0,
0,
0,
164,
346,
534,
685,
871,
1023,
0,
128,
0,
96,
349,
516,
677,
846,
996,
0,
128,
256,
0,
338,
510,
662,
808,
981,
0,
0,
117,
330,
488,
630,
772,
918,
1023,
0,
0,
121,
332,
489,
631,
772,
918,
1023,
0,
0,
115,
326,
491,
632,
771,
917,
1023,
0,
0,
132,
338,
489,
624,
768,
914,
1023,
0,
0,
0,
291,
469,
640,
762,
920,
1023,
0,
0,
31,
293,
454,
640,
768,
898,
1023,
0,
0,
0,
221,
404,
563,
768,
893,
1023,
0,
127,
0,
98,
340,
480,
664,
813,
999,
0,
128,
256,
0,
318,
494,
648,
802,
974,
0,
0,
0,
303,
470,
619,
758,
900,
1023,
0,
0,
0,
304,
471,
620,
759,
900,
1023,
0,
0,
0,
308,
473,
621,
760,
900,
1023,
0,
0,
20,
306,
470,
624,
761,
899,
1023,
0,
0,
0,
315,
478,
623,
752,
896,
1023,
0,
0,
0,
235,
430,
598,
768,
889,
1023,
0,
0,
0,
254,
430,
582,
768,
896,
1023,
0,
0,
0,
168,
378,
539,
692,
896,
1022,
0,
128,
256,
0,
314,
485,
608,
793,
1023,
0,
128,
256,
384,
512,
640,
768,
887,
1023,
0,
128,
256,
271,
452,
606,
750,
887,
1023,
0,
127,
0,
275,
454,
607,
751,
888,
1023,
0,
0,
0,
262,
458,
610,
753,
889,
1023,
0,
0,
0,
282,
457,
608,
756,
890,
1023,
0,
0,
0,
257,
463,
613,
749,
880,
1023,
0,
0,
0,
197,
391,
563,
727,
896,
1023,
0,
0,
0,
150,
404,
562,
710,
896,
1023,
0,
128,
256,
74,
350,
519,
670,
820,
1023,
0,
128,
256,
384,
512,
640,
768,
896,
1023,
0,
128,
256,
384,
512,
640,
768,
896,
1023,
0,
128,
256,
384,
433,
592,
739,
880,
1023,
0,
128,
256,
384,
436,
595,
741,
881,
1016,
0,
128,
256,
239,
433,
590,
744,
884,
1018,
0,
128,
256,
226,
442,
598,
743,
887,
1019,
0,
128,
256,
154,
415,
601,
745,
879,
1008,
0,
128,
256,
134,
371,
532,
695,
855,
1023,
0,
128,
256,
0,
341,
542,
692,
838,
1023
