0,
0,
0,
0,
0,
0,
0,
0,
0,
0,
0,
0,
0,
0,
0,
0,
0,
0,
0,
0,
0,
0,
0,
0,
0,
0,
0,
0,
0,
0,
0,
0,
0,
0,
0,
0,
0,
0,
0,
0,
0,
0,
0,
0,
0,
0,
0,
0,
0,
0,
0,
0,
0,
0,
0,
0,
0,
0,
0,
0,
0,
0,
0,
0,
0,
0,
0,
0,
0,
0,
0,
0,
0,
0,
0,
0,
0,
0,
0,
0,
0,
181,
128,
125,
90,
52,
53,
40,
22,
128,
124,
128,
128,
94,
58,
44,
31,
14,
128,
54,
54,
128,
73,
54,
20,
8,
0,
128,
0,
0,
0,
0,
0,
0,
0,
0,
128,
0,
0,
0,
0,
0,
0,
0,
0,
128,
0,
0,
0,
0,
0,
0,
0,
0,
128,
0,
0,
0,
0,
0,
0,
0,
0,
128,
128,
128,
0,
0,
0,
0,
0,
0,
128,
128,
128,
128,
128,
128,
128,
128,
128,
128,
368,
370,
319,
303,
243,
221,
218,
187,
256,
308,
309,
334,
297,
233,
210,
211,
185,
256,
260,
252,
256,
256,
220,
199,
181,
180,
176,
190,
189,
188,
256,
204,
195,
173,
170,
167,
145,
144,
140,
141,
141,
131,
133,
133,
122,
118,
117,
115,
111,
95,
88,
80,
84,
80,
49,
47,
44,
37,
28,
14,
2,
0,
0,
256,
256,
0,
0,
0,
0,
0,
0,
0,
256,
256,
256,
256,
0,
0,
0,
0,
0,
507,
496,
491,
471,
430,
381,
363,
356,
384,
511,
506,
507,
473,
438,
382,
360,
352,
384,
435,
442,
446,
384,
430,
367,
347,
341,
346,
390,
385,
380,
384,
384,
346,
329,
305,
308,
320,
319,
318,
315,
384,
332,
325,
304,
302,
280,
280,
278,
275,
277,
278,
271,
272,
276,
268,
267,
266,
265,
262,
253,
250,
247,
250,
384,
384,
251,
238,
236,
234,
230,
227,
222,
384,
384,
384,
384,
212,
210,
206,
204,
199,
627,
627,
626,
622,
607,
557,
506,
496,
512,
642,
642,
642,
624,
606,
558,
508,
496,
512,
640,
645,
646,
641,
607,
567,
516,
493,
484,
556,
563,
573,
580,
512,
561,
499,
478,
470,
529,
525,
514,
508,
512,
512,
472,
457,
428,
447,
447,
447,
446,
442,
512,
458,
454,
431,
429,
409,
408,
407,
403,
407,
408,
404,
402,
512,
512,
400,
399,
398,
396,
388,
386,
384,
512,
512,
512,
389,
379,
378,
376,
374,
372,
759,
758,
758,
756,
754,
741,
685,
630,
640,
762,
761,
760,
758,
754,
740,
686,
631,
640,
766,
766,
766,
776,
757,
739,
688,
635,
625,
760,
764,
774,
780,
775,
715,
697,
648,
623,
681,
683,
687,
703,
712,
640,
692,
629,
609,
624,
625,
656,
643,
636,
640,
640,
599,
584,
574,
574,
574,
574,
574,
569,
640,
585,
582,
640,
640,
556,
535,
534,
529,
534,
536,
532,
640,
640,
640,
529,
528,
527,
525,
521,
516,
768,
890,
889,
889,
888,
886,
874,
814,
768,
891,
891,
891,
890,
888,
886,
873,
814,
768,
893,
893,
907,
894,
891,
887,
873,
815,
758,
899,
900,
900,
900,
910,
891,
871,
818,
764,
881,
883,
889,
903,
909,
907,
847,
828,
780,
807,
808,
810,
816,
834,
843,
768,
822,
770,
750,
750,
752,
785,
771,
764,
768,
768,
725,
768,
701,
701,
701,
701,
701,
696,
768,
711,
768,
768,
768,
684,
681,
660,
655,
662,
768,
896,
896,
896,
896,
896,
896,
896,
1006,
896,
896,
896,
896,
1021,
1020,
1019,
1018,
1006,
896,
896,
896,
1023,
1023,
1022,
1020,
1018,
1005,
944,
1023,
1023,
1023,
1023,
1023,
1023,
1019,
1004,
945,
1023,
1023,
1023,
1023,
1023,
1023,
1023,
1002,
948,
982,
982,
984,
1016,
1023,
1023,
1012,
979,
958,
934,
934,
935,
938,
944,
964,
974,
896,
896,
896,
877,
877,
879,
914,
899,
892,
896,
896,
896,
896,
896,
828,
828,
829,
829,
822,
896,
1023,
1023,
1023,
1023,
1023,
1023,
1023,
1023,
1023,
1023,
1023,
1023,
1023,
1023,
1023,
1023,
1023,
1023,
1023,
1023,
1023,
1023,
1023,
1023,
1023,
1023,
1023,
1023,
1023,
1023,
1023,
1023,
1023,
1023,
1023,
1023,
1023,
1023,
1023,
1023,
1023,
1023,
1023,
1023,
1023,
1023,
1023,
1023,
1023,
1023,
1023,
1023,
1023,
1023,
1023,
1023,
1023,
1023,
1023,
1023,
1023,
1023,
1023,
1023,
1023,
1023,
1023,
1023,
1023,
1023,
1023,
1023,
1023,
1023,
1023,
1005,
1006,
1023,
1023,
1020,
1023
