0,
0,
1,
0,
0,
0,
0,
0,
0,
135,
128,
130,
110,
86,
67,
43,
128,
128,
266,
267,
268,
259,
251,
233,
224,
256,
256,
395,
396,
398,
396,
389,
385,
382,
361,
384,
524,
524,
526,
528,
525,
524,
516,
514,
512,
653,
653,
654,
656,
652,
653,
653,
645,
640,
781,
782,
782,
783,
785,
780,
781,
781,
768,
896,
896,
896,
896,
896,
896,
896,
896,
896,
1023,
1023,
1023,
1023,
1023,
1023,
1023,
1023,
1023,
8,
0,
6,
0,
0,
0,
0,
0,
0,
131,
128,
128,
130,
63,
55,
37,
5,
128,
264,
264,
256,
263,
254,
230,
222,
215,
256,
397,
398,
398,
397,
387,
382,
365,
359,
384,
524,
524,
526,
527,
525,
519,
514,
512,
512,
652,
653,
654,
656,
657,
653,
653,
644,
640,
781,
782,
782,
783,
785,
780,
781,
781,
768,
896,
896,
910,
911,
912,
914,
908,
909,
896,
1023,
1023,
1023,
1023,
1023,
1023,
1023,
1023,
1023,
0,
0,
0,
0,
0,
0,
0,
0,
0,
134,
133,
131,
131,
92,
117,
47,
4,
128,
259,
259,
256,
256,
263,
229,
214,
212,
205,
393,
393,
393,
384,
390,
384,
365,
356,
352,
525,
526,
529,
528,
526,
515,
511,
495,
490,
653,
653,
654,
655,
657,
653,
652,
642,
640,
781,
781,
782,
784,
785,
786,
781,
781,
773,
896,
896,
911,
911,
913,
914,
908,
909,
909,
1023,
1023,
1023,
1023,
1023,
1023,
1023,
1023,
1023,
2,
0,
0,
0,
0,
0,
0,
0,
0,
125,
122,
120,
115,
112,
85,
71,
35,
128,
262,
261,
260,
256,
258,
234,
243,
224,
206,
386,
387,
388,
384,
384,
394,
367,
347,
351,
521,
522,
522,
522,
512,
518,
513,
495,
487,
653,
654,
656,
659,
657,
654,
649,
639,
623,
781,
781,
782,
783,
785,
785,
782,
780,
769,
896,
896,
910,
911,
912,
914,
915,
910,
910,
1023,
1023,
1023,
1023,
1023,
1023,
1023,
1023,
1023,
2,
0,
0,
0,
0,
0,
0,
0,
0,
127,
125,
120,
114,
105,
111,
61,
32,
128,
254,
253,
247,
248,
246,
246,
232,
224,
215,
392,
392,
389,
388,
384,
386,
386,
369,
362,
515,
514,
515,
516,
512,
512,
524,
500,
474,
649,
650,
650,
651,
651,
640,
646,
641,
624,
780,
781,
783,
786,
790,
786,
786,
777,
767,
896,
896,
910,
911,
913,
914,
914,
910,
909,
1023,
1023,
1023,
1023,
1023,
1023,
1023,
1023,
1023,
0,
0,
0,
0,
0,
0,
0,
0,
0,
127,
126,
122,
109,
98,
94,
109,
103,
128,
254,
254,
252,
248,
245,
241,
246,
244,
213,
384,
383,
380,
377,
376,
383,
376,
373,
360,
518,
518,
520,
517,
516,
512,
514,
514,
497,
646,
645,
642,
643,
644,
640,
640,
652,
632,
778,
778,
778,
779,
779,
780,
768,
774,
769,
896,
896,
910,
911,
915,
920,
914,
915,
905,
1023,
1023,
1023,
1023,
1023,
1023,
1023,
1023,
1023,
0,
0,
0,
0,
0,
0,
0,
0,
0,
128,
126,
116,
109,
98,
84,
80,
106,
128,
255,
253,
252,
249,
241,
236,
235,
245,
243,
382,
381,
380,
379,
376,
374,
371,
376,
375,
517,
517,
512,
508,
505,
508,
511,
505,
502,
645,
646,
646,
648,
645,
646,
640,
645,
642,
775,
775,
774,
771,
771,
773,
768,
768,
778,
896,
906,
906,
907,
907,
908,
908,
896,
902,
1023,
1023,
1023,
1023,
1023,
1023,
1023,
1023,
1023,
0,
0,
0,
0,
0,
0,
0,
0,
0,
128,
128,
128,
109,
99,
85,
65,
62,
128,
256,
256,
253,
250,
242,
237,
230,
230,
244,
383,
382,
381,
379,
377,
371,
367,
368,
376,
511,
509,
509,
507,
506,
503,
502,
500,
505,
645,
645,
645,
645,
635,
634,
636,
639,
635,
773,
773,
773,
774,
776,
774,
774,
768,
768,
896,
904,
904,
903,
899,
900,
901,
896,
896,
1023,
1023,
1023,
1023,
1023,
1023,
1023,
1023,
1023,
0,
0,
0,
0,
0,
0,
0,
0,
0,
128,
128,
128,
128,
128,
128,
128,
128,
128,
256,
256,
256,
256,
242,
237,
231,
223,
256,
384,
384,
384,
384,
377,
371,
368,
364,
364,
512,
512,
512,
509,
507,
504,
502,
497,
498,
640,
640,
640,
636,
635,
633,
631,
630,
629,
768,
768,
768,
773,
773,
763,
762,
765,
767,
896,
896,
896,
901,
902,
904,
902,
902,
896,
1023,
1023,
1023,
1023,
1023,
1023,
1023,
1023,
1023
