0,
0,
0,
0,
0,
0,
0,
0,
0,
144,
128,
126,
95,
60,
19,
0,
128,
128,
266,
267,
267,
252,
238,
227,
221,
256,
256,
394,
395,
396,
392,
384,
373,
372,
373,
384,
523,
523,
524,
519,
520,
518,
509,
505,
512,
651,
652,
652,
646,
647,
648,
643,
639,
640,
780,
780,
780,
781,
775,
775,
776,
769,
768,
896,
896,
896,
896,
896,
896,
896,
896,
896,
1023,
1023,
1023,
1023,
1023,
1023,
1023,
1023,
1023,
0,
0,
0,
0,
0,
0,
0,
0,
0,
140,
128,
128,
104,
72,
18,
0,
0,
128,
271,
272,
256,
255,
233,
217,
205,
192,
256,
396,
397,
397,
396,
381,
370,
368,
357,
384,
523,
524,
525,
525,
520,
513,
506,
502,
512,
651,
652,
653,
654,
647,
648,
645,
638,
640,
780,
780,
781,
781,
775,
775,
776,
769,
768,
896,
896,
909,
909,
902,
903,
903,
904,
896,
1023,
1023,
1023,
1023,
1023,
1023,
1023,
1023,
1023,
0,
0,
0,
0,
0,
0,
0,
0,
0,
132,
120,
109,
94,
49,
8,
0,
0,
128,
268,
270,
256,
256,
239,
220,
204,
190,
173,
400,
403,
403,
384,
383,
367,
351,
345,
337,
525,
526,
527,
527,
530,
509,
501,
495,
487,
653,
653,
653,
654,
654,
649,
642,
636,
630,
780,
780,
781,
782,
783,
776,
776,
773,
767,
896,
896,
909,
909,
910,
903,
904,
904,
897,
1023,
1023,
1023,
1023,
1023,
1023,
1023,
1023,
1023,
0,
0,
0,
0,
0,
0,
0,
0,
0,
113,
108,
97,
83,
44,
0,
0,
0,
128,
262,
260,
249,
256,
232,
212,
200,
186,
170,
397,
398,
400,
384,
384,
370,
355,
347,
335,
528,
529,
533,
534,
512,
511,
496,
482,
477,
655,
655,
656,
657,
657,
659,
648,
630,
622,
782,
782,
783,
782,
783,
783,
777,
775,
765,
896,
896,
909,
910,
911,
911,
904,
904,
901,
1023,
1023,
1023,
1023,
1023,
1023,
1023,
1023,
1023,
0,
0,
0,
0,
0,
0,
0,
0,
0,
108,
102,
92,
67,
33,
0,
0,
0,
128,
250,
245,
237,
231,
226,
211,
196,
181,
164,
395,
395,
389,
378,
384,
363,
348,
341,
333,
527,
527,
528,
525,
512,
512,
499,
486,
479,
656,
657,
659,
664,
663,
640,
639,
624,
611,
783,
784,
784,
785,
787,
787,
788,
776,
759,
896,
896,
912,
912,
913,
912,
912,
905,
903,
1023,
1023,
1023,
1023,
1023,
1023,
1023,
1023,
1023,
0,
0,
0,
0,
0,
0,
0,
0,
0,
98,
95,
85,
59,
21,
0,
0,
0,
128,
251,
240,
236,
229,
218,
208,
194,
175,
157,
385,
383,
375,
365,
361,
359,
348,
338,
330,
524,
524,
524,
517,
506,
512,
492,
479,
474,
656,
656,
657,
657,
654,
640,
640,
628,
616,
785,
785,
786,
789,
794,
792,
768,
767,
752,
896,
896,
913,
914,
916,
917,
916,
917,
904,
1023,
1023,
1023,
1023,
1023,
1023,
1023,
1023,
1023,
0,
0,
0,
0,
0,
0,
0,
0,
0,
89,
85,
68,
46,
9,
0,
0,
0,
128,
238,
237,
232,
227,
215,
204,
192,
174,
150,
380,
379,
377,
365,
360,
352,
346,
338,
327,
515,
515,
514,
506,
493,
491,
489,
480,
473,
652,
652,
653,
653,
645,
634,
640,
621,
609,
785,
785,
785,
786,
786,
782,
768,
768,
757,
896,
914,
914,
916,
918,
923,
921,
896,
895,
1023,
1023,
1023,
1023,
1023,
1023,
1023,
1023,
1023,
0,
0,
0,
0,
0,
0,
0,
0,
0,
128,
128,
128,
28,
0,
0,
0,
0,
128,
256,
256,
229,
220,
212,
201,
187,
172,
150,
380,
380,
379,
364,
358,
350,
343,
336,
327,
509,
508,
507,
504,
493,
488,
485,
478,
472,
647,
647,
648,
644,
636,
621,
620,
618,
612,
780,
781,
781,
782,
782,
773,
762,
768,
768,
896,
913,
914,
915,
915,
916,
911,
896,
896,
1023,
1023,
1023,
1023,
1023,
1023,
1023,
1023,
1023,
0,
0,
0,
0,
0,
0,
0,
0,
0,
128,
128,
128,
128,
128,
128,
128,
128,
128,
256,
256,
256,
256,
207,
197,
183,
166,
256,
384,
384,
384,
384,
356,
348,
342,
334,
326,
512,
512,
512,
506,
492,
488,
481,
476,
471,
640,
640,
640,
635,
632,
621,
617,
614,
609,
768,
768,
768,
776,
778,
766,
749,
748,
746,
896,
896,
896,
910,
910,
910,
901,
889,
896,
1023,
1023,
1023,
1023,
1023,
1023,
1023,
1023,
1023
