0,
128,
245,
374,
497,
623,
750,
896,
1023,
0,
128,
240,
365,
489,
622,
749,
896,
1023,
0,
0,
175,
329,
468,
610,
737,
896,
1023,
0,
0,
81,
282,
433,
580,
715,
843,
1023,
0,
0,
0,
232,
407,
550,
700,
835,
1023,
0,
0,
0,
175,
371,
534,
674,
824,
1023,
0,
0,
0,
54,
337,
515,
660,
798,
1023,
0,
128,
256,
384,
512,
640,
768,
896,
1023,
0,
128,
256,
384,
512,
640,
768,
896,
1023,
0,
128,
243,
372,
503,
626,
752,
878,
1023,
0,
128,
256,
368,
500,
625,
751,
878,
1023,
0,
13,
256,
356,
489,
620,
750,
878,
1023,
0,
0,
110,
297,
450,
589,
723,
865,
1023,
0,
0,
0,
241,
408,
556,
703,
839,
1023,
0,
0,
0,
177,
371,
534,
674,
824,
1023,
0,
0,
0,
59,
338,
503,
661,
799,
1023,
0,
128,
0,
0,
294,
478,
646,
787,
1023,
0,
128,
256,
384,
512,
640,
768,
896,
1023,
0,
73,
250,
377,
506,
634,
757,
882,
1023,
0,
81,
246,
371,
501,
633,
757,
882,
1023,
0,
99,
256,
384,
494,
631,
757,
882,
1008,
0,
0,
179,
384,
483,
618,
750,
879,
1007,
0,
0,
0,
263,
420,
569,
714,
852,
994,
0,
0,
0,
201,
378,
535,
680,
828,
965,
0,
0,
0,
125,
339,
504,
661,
800,
950,
0,
128,
0,
0,
296,
480,
633,
788,
925,
0,
128,
256,
384,
235,
450,
614,
775,
914,
0,
6,
233,
378,
510,
638,
764,
891,
1023,
0,
0,
234,
379,
507,
637,
764,
891,
1023,
0,
27,
226,
384,
504,
636,
761,
887,
1013,
0,
81,
235,
384,
512,
619,
758,
888,
1012,
0,
0,
148,
314,
512,
610,
747,
879,
1009,
0,
0,
0,
176,
399,
547,
696,
841,
982,
0,
0,
0,
127,
355,
510,
661,
806,
954,
0,
128,
0,
0,
320,
481,
634,
788,
927,
0,
128,
256,
383,
239,
452,
615,
762,
915,
0,
0,
209,
368,
509,
640,
767,
894,
1023,
0,
0,
210,
369,
507,
640,
767,
894,
1023,
0,
0,
211,
373,
509,
634,
766,
893,
1020,
0,
0,
208,
359,
512,
631,
765,
889,
1020,
0,
55,
227,
365,
512,
640,
742,
886,
1020,
0,
0,
96,
300,
445,
640,
738,
875,
1008,
0,
0,
0,
205,
339,
532,
674,
823,
968,
0,
128,
0,
0,
320,
493,
640,
788,
932,
0,
128,
256,
0,
275,
470,
615,
762,
915,
0,
0,
178,
352,
499,
638,
770,
896,
1023,
0,
0,
181,
354,
500,
638,
769,
896,
1023,
0,
0,
174,
357,
502,
636,
768,
896,
1022,
0,
0,
196,
360,
508,
638,
761,
894,
1022,
0,
0,
180,
347,
490,
640,
758,
894,
1017,
0,
0,
216,
360,
494,
640,
768,
868,
1013,
0,
0,
0,
278,
438,
574,
768,
865,
1003,
0,
127,
0,
181,
367,
483,
663,
802,
950,
0,
128,
256,
0,
276,
469,
626,
769,
917,
0,
0,
138,
334,
488,
630,
766,
899,
1023,
0,
0,
141,
336,
488,
630,
766,
899,
1023,
0,
0,
148,
339,
491,
631,
766,
898,
1023,
0,
0,
145,
337,
494,
634,
765,
896,
1023,
0,
0,
171,
349,
497,
630,
767,
889,
1022,
0,
0,
170,
330,
480,
620,
768,
886,
1009,
0,
0,
198,
353,
491,
623,
768,
896,
995,
0,
0,
0,
242,
423,
570,
702,
896,
993,
0,
128,
256,
132,
359,
509,
620,
793,
1023,
0,
128,
256,
384,
512,
640,
768,
895,
1023,
0,
128,
256,
315,
475,
621,
760,
895,
1023,
0,
128,
92,
319,
477,
622,
760,
895,
1023,
0,
0,
68,
312,
481,
625,
762,
895,
1023,
0,
0,
112,
324,
481,
629,
765,
894,
1023,
0,
0,
129,
327,
487,
629,
760,
896,
1017,
0,
0,
149,
327,
467,
611,
749,
896,
1023,
0,
0,
174,
341,
485,
620,
751,
896,
1023,
0,
128,
256,
195,
399,
559,
701,
830,
1023,
0,
128,
256,
384,
512,
640,
768,
896,
1023,
0,
128,
256,
384,
512,
640,
768,
896,
1023,
0,
128,
256,
384,
463,
612,
753,
889,
1023,
0,
128,
256,
384,
467,
614,
754,
890,
1023,
0,
128,
256,
295,
462,
618,
757,
892,
1023,
0,
128,
256,
311,
473,
618,
762,
895,
1023,
0,
128,
256,
309,
468,
621,
759,
890,
1023,
0,
128,
256,
316,
466,
600,
740,
878,
1023,
0,
128,
256,
328,
477,
616,
749,
879,
1023
