0,
0,
0,
0,
0,
0,
0,
0,
0,
0,
0,
0,
0,
0,
0,
0,
0,
0,
0,
0,
0,
0,
0,
0,
0,
0,
0,
0,
0,
0,
0,
0,
0,
0,
0,
0,
0,
0,
0,
0,
0,
0,
0,
0,
0,
0,
0,
0,
0,
0,
0,
0,
0,
0,
0,
0,
0,
0,
0,
0,
0,
0,
0,
0,
0,
0,
0,
0,
0,
0,
0,
0,
0,
0,
0,
0,
0,
0,
0,
0,
0,
174,
128,
104,
61,
28,
15,
0,
0,
128,
159,
128,
128,
72,
20,
3,
0,
0,
128,
93,
87,
128,
75,
22,
0,
0,
0,
128,
42,
39,
38,
3,
0,
0,
0,
0,
128,
0,
0,
0,
0,
0,
0,
0,
0,
128,
0,
0,
0,
0,
0,
0,
0,
0,
128,
0,
0,
0,
0,
0,
0,
0,
0,
128,
128,
128,
0,
0,
0,
0,
0,
0,
128,
128,
128,
128,
128,
128,
128,
128,
128,
128,
355,
350,
314,
258,
210,
196,
169,
161,
256,
303,
305,
297,
233,
190,
176,
165,
158,
256,
284,
291,
256,
256,
202,
163,
156,
150,
142,
225,
224,
217,
256,
206,
177,
134,
132,
126,
190,
189,
188,
188,
186,
138,
106,
92,
84,
176,
176,
175,
172,
166,
119,
76,
57,
20,
159,
158,
157,
155,
120,
112,
50,
0,
0,
256,
256,
135,
79,
72,
61,
34,
0,
0,
256,
256,
256,
256,
0,
0,
0,
0,
0,
472,
470,
464,
444,
375,
351,
336,
331,
384,
490,
486,
485,
446,
404,
349,
332,
327,
384,
438,
438,
439,
384,
400,
334,
317,
294,
289,
408,
412,
421,
384,
384,
330,
304,
285,
283,
354,
354,
353,
345,
384,
334,
310,
274,
270,
341,
339,
319,
318,
319,
318,
278,
255,
249,
312,
312,
312,
311,
309,
305,
272,
247,
242,
384,
384,
303,
302,
300,
277,
273,
245,
220,
384,
384,
384,
384,
261,
259,
255,
248,
218,
601,
601,
599,
595,
545,
487,
478,
469,
512,
611,
619,
604,
596,
578,
493,
479,
468,
512,
617,
618,
626,
619,
579,
540,
482,
463,
457,
569,
569,
571,
571,
512,
529,
464,
445,
445,
539,
537,
541,
552,
512,
512,
460,
432,
411,
482,
482,
483,
482,
473,
512,
461,
440,
405,
471,
470,
468,
463,
446,
447,
446,
410,
388,
512,
512,
442,
442,
441,
439,
436,
407,
386,
512,
512,
512,
436,
435,
434,
413,
411,
389,
732,
732,
731,
729,
726,
674,
608,
603,
640,
735,
734,
733,
731,
726,
674,
610,
604,
640,
745,
745,
745,
738,
729,
710,
618,
607,
597,
744,
747,
749,
757,
751,
712,
670,
613,
592,
691,
693,
700,
701,
703,
640,
659,
593,
573,
672,
671,
667,
670,
682,
640,
640,
587,
559,
609,
609,
610,
611,
610,
601,
640,
587,
568,
640,
640,
599,
596,
591,
573,
575,
574,
539,
640,
640,
640,
570,
570,
569,
568,
565,
548,
768,
862,
862,
861,
860,
858,
802,
731,
768,
864,
863,
863,
862,
860,
858,
803,
732,
768,
872,
873,
868,
866,
862,
858,
804,
735,
730,
877,
877,
878,
878,
885,
861,
841,
744,
734,
848,
869,
874,
878,
884,
864,
844,
798,
744,
817,
818,
821,
830,
831,
834,
768,
787,
736,
804,
804,
801,
797,
800,
811,
768,
768,
713,
768,
736,
736,
738,
740,
739,
728,
768,
714,
768,
768,
768,
726,
724,
718,
700,
703,
768,
896,
896,
896,
896,
896,
896,
896,
931,
896,
896,
896,
896,
992,
992,
990,
989,
931,
896,
896,
896,
995,
995,
993,
991,
989,
932,
858,
1004,
1004,
1005,
1005,
998,
994,
989,
933,
862,
1010,
1011,
1009,
1011,
1011,
1017,
992,
972,
872,
975,
976,
976,
980,
1006,
1010,
994,
976,
927,
944,
945,
946,
949,
960,
961,
964,
896,
896,
896,
904,
934,
931,
926,
929,
941,
896,
896,
896,
896,
896,
864,
865,
868,
867,
856,
896,
1023,
1023,
1023,
1023,
1023,
1023,
1023,
1023,
1023,
1023,
1023,
1023,
1023,
1023,
1023,
1023,
1023,
1023,
1023,
1023,
1023,
1023,
1023,
1023,
1023,
1023,
1023,
1023,
1023,
1023,
1023,
1023,
1023,
1023,
1023,
1023,
1023,
1023,
1023,
1023,
1023,
1023,
1023,
1023,
1023,
1023,
1023,
1023,
1023,
1023,
1023,
1023,
1023,
1023,
1023,
1023,
1023,
1023,
1023,
1023,
1023,
1023,
1023,
1023,
1023,
1023,
1023,
1023,
1023,
1023,
1023,
1023,
1023,
1023,
1023,
1023,
1023,
1023,
1023,
1023,
1023
