0,
0,
25,
39,
62,
80,
97,
0,
0,
139,
128,
141,
150,
162,
163,
171,
128,
128,
270,
272,
277,
282,
286,
284,
291,
256,
256,
399,
401,
405,
410,
415,
417,
421,
429,
384,
528,
529,
532,
537,
540,
545,
545,
549,
512,
657,
658,
661,
664,
667,
670,
674,
673,
640,
788,
788,
789,
791,
794,
795,
799,
803,
768,
896,
896,
896,
896,
896,
896,
896,
896,
896,
1023,
1023,
1023,
1023,
1023,
1023,
1023,
1023,
1023,
0,
0,
25,
42,
47,
75,
94,
110,
0,
128,
128,
128,
147,
151,
160,
170,
179,
128,
266,
268,
256,
271,
274,
277,
280,
285,
256,
400,
402,
404,
408,
411,
414,
417,
413,
384,
529,
530,
532,
536,
541,
544,
545,
547,
512,
657,
658,
660,
664,
667,
670,
674,
673,
640,
786,
786,
789,
791,
794,
797,
799,
803,
768,
896,
896,
918,
919,
921,
924,
925,
928,
896,
1023,
1023,
1023,
1023,
1023,
1023,
1023,
1023,
1023,
0,
0,
0,
16,
41,
55,
87,
105,
0,
130,
128,
125,
144,
153,
153,
164,
176,
128,
256,
256,
256,
256,
272,
271,
276,
283,
289,
395,
395,
398,
384,
398,
400,
402,
404,
406,
530,
531,
534,
534,
538,
541,
541,
542,
538,
658,
659,
660,
663,
667,
670,
673,
673,
674,
786,
787,
788,
790,
794,
798,
799,
803,
801,
896,
896,
916,
919,
921,
924,
927,
928,
931,
1023,
1023,
1023,
1023,
1023,
1023,
1023,
1023,
1023,
0,
0,
0,
0,
13,
36,
58,
71,
0,
113,
110,
98,
108,
128,
144,
153,
158,
128,
256,
256,
255,
256,
259,
267,
273,
279,
286,
385,
384,
384,
384,
384,
400,
398,
399,
404,
523,
523,
525,
527,
512,
526,
527,
529,
529,
654,
655,
661,
665,
664,
668,
669,
669,
668,
787,
787,
788,
790,
793,
797,
800,
802,
801,
896,
896,
916,
918,
920,
924,
927,
929,
932,
1023,
1023,
1023,
1023,
1023,
1023,
1023,
1023,
1023,
0,
0,
0,
0,
0,
27,
44,
62,
0,
113,
104,
100,
92,
96,
138,
145,
153,
128,
244,
241,
237,
232,
241,
255,
265,
271,
274,
384,
384,
383,
382,
384,
386,
392,
399,
397,
513,
513,
512,
512,
512,
512,
529,
525,
524,
652,
652,
652,
653,
656,
640,
655,
654,
655,
782,
783,
784,
787,
795,
794,
797,
798,
797,
896,
896,
917,
918,
920,
923,
926,
929,
931,
1023,
1023,
1023,
1023,
1023,
1023,
1023,
1023,
1023,
0,
0,
0,
0,
0,
0,
39,
54,
0,
107,
104,
98,
87,
73,
107,
143,
149,
128,
244,
242,
239,
234,
231,
235,
263,
266,
271,
374,
373,
370,
365,
361,
370,
383,
390,
395,
512,
512,
512,
510,
509,
512,
514,
519,
526,
640,
641,
641,
640,
640,
640,
640,
657,
653,
780,
780,
781,
781,
782,
785,
768,
783,
782,
896,
896,
911,
913,
916,
925,
923,
926,
926,
1023,
1023,
1023,
1023,
1023,
1023,
1023,
1023,
1023,
0,
0,
0,
0,
0,
0,
0,
51,
0,
102,
100,
93,
82,
65,
40,
99,
147,
128,
243,
242,
237,
234,
229,
223,
243,
266,
269,
372,
372,
370,
367,
359,
362,
367,
389,
392,
508,
503,
501,
498,
495,
498,
498,
511,
517,
640,
640,
640,
639,
638,
637,
640,
642,
652,
768,
768,
768,
769,
768,
767,
768,
768,
785,
896,
909,
909,
910,
910,
911,
914,
896,
911,
1023,
1023,
1023,
1023,
1023,
1023,
1023,
1023,
1023,
0,
0,
0,
0,
0,
0,
0,
0,
0,
128,
128,
128,
76,
57,
29,
0,
90,
128,
256,
256,
236,
232,
227,
220,
213,
239,
268,
372,
372,
370,
368,
363,
360,
358,
374,
392,
500,
500,
499,
497,
495,
488,
492,
496,
517,
636,
636,
636,
634,
626,
624,
626,
626,
639,
768,
768,
768,
768,
767,
766,
765,
768,
768,
896,
903,
896,
896,
897,
896,
895,
896,
896,
1023,
1023,
1023,
1023,
1023,
1023,
1023,
1023,
1023,
0,
0,
0,
0,
0,
0,
0,
0,
0,
128,
128,
128,
128,
128,
128,
128,
128,
128,
256,
256,
256,
256,
225,
218,
210,
201,
256,
384,
384,
384,
384,
363,
359,
356,
351,
371,
512,
512,
512,
498,
496,
492,
490,
488,
503,
640,
640,
640,
627,
624,
622,
616,
620,
625,
768,
768,
768,
764,
762,
754,
753,
755,
754,
896,
896,
896,
896,
895,
895,
894,
893,
896,
1023,
1023,
1023,
1023,
1023,
1023,
1023,
1023,
1023
