0,
0,
0,
0,
0,
0,
0,
0,
0,
142,
128,
134,
118,
99,
88,
73,
128,
128,
270,
272,
277,
260,
248,
245,
243,
256,
256,
399,
400,
402,
399,
391,
387,
386,
375,
384,
527,
528,
529,
532,
527,
522,
518,
517,
512,
656,
656,
657,
659,
654,
655,
656,
648,
640,
784,
784,
785,
786,
788,
782,
783,
784,
768,
896,
896,
896,
896,
896,
896,
896,
896,
896,
1023,
1023,
1023,
1023,
1023,
1023,
1023,
1023,
1023,
3,
0,
0,
0,
0,
0,
0,
0,
0,
136,
128,
128,
128,
97,
84,
70,
50,
128,
269,
270,
256,
262,
251,
237,
232,
226,
256,
400,
402,
404,
407,
389,
381,
375,
374,
384,
528,
529,
531,
532,
528,
520,
517,
515,
512,
656,
656,
657,
659,
661,
655,
655,
647,
640,
784,
785,
785,
787,
788,
783,
783,
784,
768,
896,
896,
913,
914,
916,
917,
911,
912,
896,
1023,
1023,
1023,
1023,
1023,
1023,
1023,
1023,
1023,
0,
0,
0,
0,
0,
0,
0,
0,
0,
135,
131,
122,
122,
101,
83,
64,
42,
128,
264,
265,
256,
256,
257,
243,
229,
224,
218,
399,
400,
401,
384,
390,
380,
368,
364,
361,
530,
531,
534,
535,
537,
517,
511,
502,
502,
657,
658,
659,
661,
662,
657,
653,
646,
643,
785,
785,
786,
787,
789,
790,
784,
783,
776,
896,
896,
914,
915,
916,
918,
911,
912,
913,
1023,
1023,
1023,
1023,
1023,
1023,
1023,
1023,
1023,
0,
0,
0,
0,
0,
0,
0,
0,
0,
115,
112,
102,
101,
107,
88,
68,
42,
128,
265,
263,
258,
256,
251,
238,
231,
223,
217,
393,
394,
394,
384,
384,
385,
374,
361,
359,
528,
529,
530,
531,
512,
517,
508,
497,
494,
659,
659,
661,
665,
665,
667,
644,
640,
629,
786,
787,
788,
789,
791,
792,
786,
782,
774,
896,
896,
915,
915,
917,
919,
920,
912,
912,
1023,
1023,
1023,
1023,
1023,
1023,
1023,
1023,
1023,
0,
0,
0,
0,
0,
0,
0,
0,
0,
113,
109,
99,
86,
83,
94,
69,
44,
128,
246,
243,
238,
234,
236,
242,
233,
225,
217,
394,
394,
391,
386,
384,
380,
369,
365,
359,
521,
522,
523,
524,
512,
512,
514,
504,
490,
657,
657,
658,
660,
660,
640,
645,
637,
625,
787,
788,
789,
791,
797,
795,
796,
782,
769,
896,
896,
916,
918,
919,
921,
921,
915,
911,
1023,
1023,
1023,
1023,
1023,
1023,
1023,
1023,
1023,
0,
0,
0,
0,
0,
0,
0,
0,
0,
109,
105,
97,
83,
62,
55,
79,
40,
128,
246,
244,
241,
232,
227,
228,
236,
225,
217,
379,
377,
371,
365,
363,
377,
372,
366,
361,
522,
522,
523,
519,
514,
512,
508,
498,
495,
655,
655,
650,
652,
652,
640,
640,
643,
633,
785,
786,
786,
788,
789,
790,
768,
773,
765,
896,
896,
916,
919,
922,
928,
925,
925,
911,
1023,
1023,
1023,
1023,
1023,
1023,
1023,
1023,
1023,
0,
0,
0,
0,
0,
0,
0,
0,
0,
104,
101,
93,
79,
56,
20,
11,
60,
128,
245,
244,
237,
232,
226,
218,
217,
230,
216,
374,
373,
371,
368,
361,
359,
361,
368,
360,
510,
509,
507,
499,
494,
492,
505,
501,
496,
650,
650,
651,
652,
648,
642,
640,
636,
635,
784,
784,
784,
779,
781,
781,
768,
768,
772,
896,
914,
915,
916,
917,
918,
919,
896,
901,
1023,
1023,
1023,
1023,
1023,
1023,
1023,
1023,
1023,
0,
0,
0,
0,
0,
0,
0,
0,
0,
128,
128,
128,
73,
50,
12,
0,
0,
128,
256,
256,
236,
231,
225,
216,
206,
206,
223,
374,
373,
372,
366,
362,
358,
353,
354,
364,
505,
505,
500,
498,
495,
490,
488,
491,
498,
645,
645,
645,
636,
627,
623,
627,
634,
630,
778,
778,
779,
779,
780,
776,
770,
768,
768,
896,
913,
913,
913,
908,
909,
910,
896,
896,
1023,
1023,
1023,
1023,
1023,
1023,
1023,
1023,
1023,
0,
0,
0,
0,
0,
0,
0,
0,
0,
128,
128,
128,
128,
128,
128,
128,
128,
128,
256,
256,
256,
256,
223,
215,
204,
192,
256,
384,
384,
384,
384,
362,
357,
352,
346,
347,
512,
512,
512,
499,
497,
490,
488,
485,
486,
640,
640,
640,
631,
625,
622,
618,
617,
621,
768,
768,
768,
773,
764,
754,
752,
755,
762,
896,
896,
896,
907,
908,
908,
904,
898,
896,
1023,
1023,
1023,
1023,
1023,
1023,
1023,
1023,
1023
