0,
0,
0,
0,
0,
0,
0,
0,
0,
0,
0,
0,
0,
0,
0,
0,
0,
0,
0,
0,
0,
0,
0,
0,
0,
0,
0,
0,
0,
0,
0,
0,
0,
0,
0,
0,
0,
0,
0,
0,
0,
0,
0,
0,
0,
0,
0,
0,
0,
0,
0,
0,
0,
0,
0,
0,
0,
0,
0,
0,
0,
0,
0,
0,
0,
0,
0,
0,
0,
0,
0,
0,
0,
0,
0,
0,
0,
0,
0,
0,
0,
167,
128,
152,
83,
64,
55,
37,
16,
128,
149,
128,
128,
79,
49,
40,
25,
6,
128,
49,
48,
128,
72,
34,
0,
0,
0,
128,
0,
0,
0,
0,
0,
0,
0,
0,
128,
0,
0,
0,
0,
0,
0,
0,
0,
128,
0,
0,
0,
0,
0,
0,
0,
0,
128,
0,
0,
0,
0,
0,
0,
0,
0,
128,
128,
128,
0,
0,
0,
0,
0,
0,
128,
128,
128,
128,
128,
128,
128,
128,
128,
128,
343,
343,
317,
306,
256,
235,
230,
189,
256,
301,
304,
317,
291,
242,
231,
196,
186,
256,
272,
279,
256,
256,
208,
192,
182,
178,
172,
185,
185,
182,
256,
203,
184,
147,
156,
157,
117,
116,
114,
115,
97,
84,
83,
94,
91,
67,
64,
56,
30,
0,
0,
0,
10,
0,
0,
0,
0,
0,
0,
0,
0,
0,
0,
256,
256,
0,
0,
0,
0,
0,
0,
0,
256,
256,
256,
256,
0,
0,
0,
0,
0,
477,
477,
477,
463,
435,
397,
375,
367,
384,
480,
479,
478,
465,
439,
402,
372,
364,
384,
428,
435,
438,
384,
424,
377,
360,
356,
317,
391,
398,
409,
384,
384,
336,
322,
308,
309,
316,
316,
314,
310,
384,
331,
316,
282,
289,
257,
257,
256,
255,
258,
246,
249,
238,
247,
237,
236,
235,
231,
221,
191,
192,
194,
223,
384,
384,
211,
208,
203,
162,
151,
152,
147,
384,
384,
384,
384,
122,
114,
101,
100,
93,
609,
609,
605,
603,
596,
560,
517,
508,
512,
611,
611,
611,
610,
596,
563,
522,
508,
512,
606,
609,
617,
611,
598,
570,
538,
506,
496,
553,
554,
565,
570,
512,
555,
520,
491,
486,
501,
516,
525,
538,
512,
512,
463,
450,
430,
445,
445,
444,
442,
436,
512,
457,
445,
412,
409,
408,
386,
386,
385,
390,
389,
382,
371,
512,
512,
373,
371,
368,
360,
338,
337,
339,
512,
512,
512,
357,
355,
351,
321,
315,
317,
736,
736,
736,
735,
734,
728,
687,
685,
640,
742,
742,
742,
736,
735,
728,
688,
685,
640,
736,
736,
736,
744,
742,
728,
692,
687,
637,
728,
731,
738,
744,
744,
713,
700,
696,
638,
675,
676,
684,
695,
701,
640,
685,
649,
621,
622,
623,
645,
654,
668,
640,
640,
589,
578,
572,
572,
572,
573,
570,
563,
640,
584,
574,
640,
640,
537,
533,
513,
512,
519,
518,
510,
640,
640,
640,
503,
501,
499,
491,
474,
470,
768,
867,
866,
866,
866,
865,
859,
815,
768,
872,
872,
867,
867,
866,
865,
859,
816,
768,
864,
874,
874,
874,
868,
866,
859,
818,
815,
868,
868,
869,
869,
876,
874,
859,
822,
817,
834,
835,
857,
867,
871,
859,
844,
830,
828,
800,
801,
804,
808,
824,
823,
768,
810,
776,
746,
747,
749,
774,
783,
797,
768,
768,
715,
768,
698,
699,
700,
701,
698,
689,
768,
710,
768,
768,
768,
664,
661,
639,
639,
647,
768,
896,
896,
896,
896,
896,
896,
896,
990,
896,
896,
896,
896,
997,
997,
997,
996,
990,
896,
896,
896,
1004,
1004,
998,
998,
996,
990,
945,
996,
996,
996,
1006,
1005,
1000,
998,
990,
947,
995,
998,
999,
1001,
1002,
1008,
1006,
991,
952,
961,
961,
962,
965,
1000,
999,
988,
975,
973,
926,
927,
928,
932,
937,
954,
953,
896,
896,
896,
872,
873,
876,
902,
912,
926,
896,
896,
896,
896,
896,
826,
827,
829,
825,
816,
896,
1023,
1023,
1023,
1023,
1023,
1023,
1023,
1023,
1023,
1023,
1023,
1023,
1023,
1023,
1023,
1023,
1023,
1023,
1023,
1023,
1023,
1023,
1023,
1023,
1023,
1023,
1023,
1023,
1023,
1023,
1023,
1023,
1023,
1023,
1023,
1023,
1023,
1023,
1023,
1023,
1023,
1023,
1023,
1023,
1023,
1023,
1023,
1023,
1023,
1023,
1023,
1023,
1023,
1023,
1023,
1023,
1023,
1023,
1023,
1023,
1023,
1023,
1023,
1023,
1023,
1023,
1023,
1023,
1023,
1023,
1023,
1023,
1023,
1023,
1023,
1000,
1003,
1023,
1023,
1023,
1023
