0,
128,
279,
415,
548,
676,
805,
896,
1023,
0,
128,
266,
415,
550,
677,
805,
896,
1023,
0,
64,
229,
398,
540,
671,
798,
896,
1023,
0,
0,
197,
363,
517,
662,
787,
911,
1023,
0,
0,
155,
358,
492,
629,
778,
911,
1023,
0,
0,
105,
356,
489,
621,
767,
904,
1023,
0,
0,
0,
280,
487,
619,
750,
901,
1023,
0,
128,
256,
384,
512,
640,
768,
896,
1023,
0,
128,
256,
384,
512,
640,
768,
896,
1023,
0,
128,
279,
417,
547,
677,
806,
935,
1023,
0,
128,
256,
409,
546,
678,
807,
935,
1023,
0,
0,
256,
391,
546,
681,
809,
937,
1023,
0,
0,
191,
352,
526,
669,
794,
929,
1023,
0,
0,
162,
330,
493,
644,
784,
917,
1023,
0,
0,
116,
307,
490,
622,
761,
905,
1023,
0,
0,
23,
284,
489,
620,
751,
900,
1023,
0,
128,
0,
257,
487,
618,
749,
879,
1023,
0,
128,
256,
384,
512,
640,
768,
896,
1023,
0,
103,
278,
417,
553,
682,
809,
937,
1023,
0,
128,
272,
411,
555,
684,
810,
939,
1023,
0,
65,
256,
384,
541,
681,
813,
940,
1023,
0,
0,
173,
384,
524,
675,
816,
943,
1023,
0,
0,
155,
329,
464,
658,
798,
929,
1023,
0,
0,
133,
315,
464,
624,
773,
912,
1023,
0,
0,
68,
293,
447,
622,
753,
893,
1023,
0,
128,
0,
267,
431,
621,
751,
881,
1023,
0,
128,
256,
384,
413,
620,
749,
879,
1008,
0,
52,
254,
408,
551,
685,
813,
941,
1023,
0,
41,
250,
409,
548,
685,
814,
942,
1023,
0,
16,
256,
384,
542,
689,
818,
944,
1023,
0,
0,
205,
384,
512,
671,
815,
943,
1023,
0,
0,
102,
307,
512,
655,
807,
951,
1023,
0,
0,
128,
307,
461,
595,
762,
927,
1023,
0,
0,
61,
302,
453,
597,
754,
889,
1023,
0,
128,
0,
280,
438,
582,
753,
883,
1023,
0,
128,
256,
384,
422,
569,
753,
881,
1011,
0,
0,
238,
389,
537,
684,
817,
945,
1023,
0,
0,
228,
389,
538,
684,
817,
945,
1023,
0,
0,
225,
387,
540,
680,
816,
946,
1023,
0,
0,
195,
385,
512,
673,
821,
951,
1023,
0,
0,
170,
347,
512,
640,
801,
947,
1023,
0,
0,
94,
272,
442,
640,
786,
939,
1023,
0,
0,
35,
296,
443,
591,
725,
892,
1023,
0,
128,
0,
277,
435,
587,
729,
884,
1019,
0,
128,
256,
268,
431,
576,
715,
884,
1013,
0,
0,
221,
377,
520,
665,
815,
949,
1023,
0,
0,
206,
378,
521,
666,
815,
949,
1023,
0,
0,
203,
371,
522,
668,
815,
949,
1023,
0,
0,
179,
369,
521,
670,
810,
948,
1023,
0,
0,
120,
334,
513,
640,
803,
954,
1023,
0,
0,
150,
310,
476,
640,
768,
930,
1023,
0,
0,
48,
276,
414,
574,
768,
916,
1023,
0,
128,
0,
264,
423,
575,
720,
854,
1022,
0,
128,
256,
232,
428,
572,
719,
860,
1014,
0,
0,
203,
366,
511,
650,
794,
946,
1023,
0,
0,
204,
367,
512,
651,
795,
946,
1023,
0,
0,
186,
357,
513,
653,
796,
946,
1023,
0,
0,
127,
355,
507,
654,
799,
946,
1023,
0,
0,
93,
330,
506,
660,
800,
941,
1023,
0,
0,
29,
285,
466,
642,
768,
933,
1023,
0,
0,
123,
302,
442,
604,
768,
896,
1023,
0,
0,
0,
265,
419,
548,
705,
896,
1023,
0,
128,
256,
247,
414,
558,
705,
849,
1023,
0,
128,
256,
384,
512,
640,
768,
923,
1023,
0,
128,
256,
355,
503,
644,
780,
923,
1023,
0,
128,
155,
357,
504,
645,
782,
924,
1023,
0,
0,
21,
339,
497,
646,
784,
926,
1023,
0,
0,
61,
310,
495,
641,
778,
929,
1023,
0,
0,
0,
276,
464,
640,
790,
930,
1023,
0,
0,
0,
257,
425,
597,
770,
896,
1023,
0,
0,
82,
291,
438,
572,
731,
896,
1023,
0,
128,
256,
249,
414,
554,
680,
835,
1023,
0,
128,
256,
384,
512,
640,
768,
896,
1023,
0,
128,
256,
384,
512,
640,
768,
896,
1023,
0,
128,
256,
384,
496,
637,
775,
910,
1023,
0,
128,
256,
384,
486,
639,
777,
912,
1023,
0,
128,
256,
278,
484,
632,
778,
914,
1023,
0,
128,
256,
285,
458,
630,
773,
909,
1023,
0,
128,
256,
224,
407,
594,
772,
920,
1023,
0,
128,
256,
220,
407,
559,
726,
898,
1023,
0,
128,
256,
277,
431,
570,
701,
859,
1023
